Letter,raw Probability,range
e,0.12702,0.12702
t,0.09056,0.21758
a,0.08167,0.29925
o,0.07507,0.37432
i,0.06966,0.44398
n,0.06749,0.51147
s,0.06327,0.57474
h,0.06094,0.63568
r,0.05987,0.69555
d,0.04253,0.73808
l,0.04025,0.77833
c,0.02782,0.80615
u,0.02758,0.83373
m,0.02406,0.85779
w,0.0236,0.88139
f,0.02228,0.90367
g,0.02015,0.92382
y,0.01974,0.94356
p,0.01929,0.96285
b,0.01492,0.97777
v,0.00978,0.98755
k,0.00772,0.99527
j,0.00153,0.9968
x,0.0015,0.9983
q,0.00095,0.99925
z,0.00074,0.99999
